0.100000 148.294558 34.053416 27.715137
0.110000 146.553611 34.186809 27.844653
0.120000 141.545858 34.331232 27.987015
0.130000 141.519543 34.481057 28.140491
0.140000 141.519543 34.645774 28.304162
0.150000 141.454054 34.823043 28.480233
0.160000 136.130125 35.008525 28.665159
0.170000 131.404728 35.205786 28.862171
0.180000 131.041052 35.410164 29.067398
0.190000 127.776400 35.625448 29.283604
0.200000 127.492868 35.852449 29.507142
0.210000 127.094510 36.084554 29.740277
0.220000 122.294528 36.324794 29.981744
0.230000 121.444813 36.575864 30.231410
0.240000 119.812874 36.833273 30.489361
0.250000 119.207466 37.099495 30.755673
0.260000 117.759795 37.370950 31.027619
0.270000 115.415319 37.649165 31.304806
0.280000 115.141884 37.933749 31.588691
0.290000 113.900789 38.223945 31.878555
0.300000 113.316945 38.517357 32.173012
0.310000 111.036844 38.818029 32.472264
0.320000 110.502030 39.121625 32.775742
0.330000 109.590906 39.430817 33.083449
0.340000 108.796809 39.741002 33.394650
0.350000 107.289530 40.055237 33.708250
0.360000 107.011744 40.371284 34.025736
0.370000 106.187954 40.689792 34.343421
0.380000 104.825219 41.011465 34.663296
0.390000 104.529505 41.333206 34.986085
0.400000 103.723819 41.655113 35.312385
0.410000 103.327557 41.979730 35.636598
0.420000 101.841510 42.302401 35.959885
0.430000 101.832814 42.626229 36.283762
0.440000 101.056577 42.948879 36.606886
0.450000 100.000611 43.269234 36.929563
0.460000 99.729230 43.592270 37.250257
0.470000 99.284351 43.914574 37.570852
0.480000 98.891772 44.229995 37.889366
0.490000 97.832677 44.546286 38.205537
0.500000 97.626692 44.858619 38.521100
0.510000 97.186064 45.169331 38.831826
0.520000 96.311017 45.478073 39.143408
0.530000 96.190546 45.785251 39.449851
0.540000 95.581061 46.086253 39.753705
0.550000 95.389469 46.385355 40.054717
0.560000 94.716589 46.684048 40.352661
0.570000 94.280466 46.976462 40.646726
0.580000 94.091784 47.266482 40.938158
0.590000 93.849904 47.550227 41.225260
0.600000 93.094526 47.833690 41.509228
0.610000 92.925519 48.110711 41.788805
0.620000 92.785516 48.384990 42.066809
0.630000 92.121579 48.653992 42.337868
0.640000 91.678797 48.922415 42.607950
0.650000 91.677740 49.185777 42.872059
0.660000 91.392711 49.442788 43.135454
0.670000 91.117623 49.697992 43.391179
0.680000 90.478741 49.947448 43.645001
0.690000 90.412279 50.193524 43.895734
0.700000 90.188785 50.435255 44.141215
0.710000 90.007955 50.679349 44.384007
0.720000 89.392796 50.914946 44.621539
0.730000 89.285753 51.144895 44.857507
0.740000 89.115674 51.375181 45.085579
0.750000 88.912456 51.599232 45.313860
0.760000 88.820796 51.818058 45.537394
0.770000 88.299977 52.035044 45.757672
0.780000 88.159241 52.247350 45.973798
0.790000 87.914891 52.458146 46.186823
0.800000 87.880528 52.665655 46.397494
0.810000 87.753809 52.865835 46.603195
0.820000 87.225697 53.064803 46.805197
0.830000 87.107247 53.261430 47.004726
0.840000 86.957968 53.456869 47.201663
0.850000 86.799638 53.640288 47.394088
0.860000 86.771195 53.836473 47.587120
0.870000 86.300322 54.019987 47.772220
0.880000 86.128070 54.196851 47.955073
0.890000 86.095332 54.371734 48.135861
0.900000 85.950311 54.547916 48.313168
0.910000 85.761234 54.719915 48.489957
0.920000 85.603178 54.890014 48.663214
0.930000 85.528937 55.057777 48.830625
0.940000 85.126729 55.215879 48.998633
0.950000 85.111930 55.376615 49.161107
0.960000 85.080129 55.540726 49.323395
0.970000 84.894502 55.697512 49.482696
0.980000 84.783003 55.850845 49.639829
0.990000 84.664421 56.004652 49.794160
1.000000 84.536676 56.146566 49.944391
1.010000 84.091817 56.291932 50.092675
1.020000 84.041402 56.435259 50.239613
1.030000 83.971429 56.576041 50.386385
1.040000 83.825641 56.715848 50.528407
1.050000 83.775007 56.852514 50.668599
1.060000 83.707039 56.990793 50.806116
1.070000 83.630626 57.122478 50.941303
1.080000 83.601513 57.252807 51.074400
1.090000 83.224291 57.381960 51.206363
1.100000 83.090652 57.507808 51.338146
1.110000 82.990912 57.630925 51.463011
1.120000 82.832245 57.754172 51.589495
1.130000 82.753077 57.873810 51.710755
1.140000 82.721033 57.994949 51.835583
1.150000 82.659707 58.110215 51.955073
1.160000 82.610926 58.228201 52.073245
1.170000 82.538307 58.339000 52.190597
1.180000 82.200786 58.451199 52.304900
1.190000 82.042272 58.561437 52.417481
1.200000 81.991949 58.667250 52.529753
1.210000 81.921443 58.776054 52.639329
1.220000 81.851246 58.878800 52.748156
1.230000 81.802425 58.984268 52.855375
1.240000 81.751307 59.085217 52.959231
1.250000 81.655526 59.184569 53.061531
1.260000 81.515954 59.282710 53.163870
1.270000 81.458876 59.379785 53.264099
1.280000 81.365738 59.473885 53.364828
1.290000 81.294099 59.571187 53.461014
1.300000 81.010508 59.662726 53.558083
1.310000 80.952572 59.754563 53.651629
1.320000 80.919802 59.841649 53.743550
1.330000 80.868253 59.929336 53.833789
1.340000 80.712891 60.018758 53.926387
1.350000 80.615091 60.101636 54.016210
1.360000 80.573898 60.183787 54.105400
1.370000 80.528352 60.265834 54.190737
1.380000 80.482777 60.348297 54.276281
1.390000 80.437548 60.429288 54.361699
1.400000 80.396023 60.506503 54.444274
1.410000 80.347584 60.584701 54.525880
1.420000 80.190259 60.661571 54.605749
1.430000 79.901144 60.740031 54.686185
1.440000 79.858906 60.812362 54.767522
1.450000 79.810605 60.887699 54.842922
1.460000 79.746913 60.957590 54.916530
1.470000 79.673063 61.027540 54.991642
1.480000 79.609908 61.098648 55.067626
1.490000 79.567427 61.165771 55.139997
1.500000 79.507090 61.234295 55.212300
1.510000 79.364070 61.297740 55.282740
1.520000 79.325770 61.366325 55.349366
1.530000 79.295194 61.430297 55.421257
1.540000 79.247965 61.492069 55.488898
1.550000 79.201945 61.552692 55.558275
1.560000 79.125395 61.612420 55.624185
1.570000 79.073664 61.672565 55.689266
1.580000 79.028590 61.733835 55.755062
1.590000 78.970495 61.787205 55.818418
1.600000 78.654216 61.845274 55.880202
1.610000 78.592019 61.901811 55.942125
1.620000 78.547324 61.955699 56.001436
1.630000 78.513306 62.009958 56.062481
1.640000 78.466956 62.064088 56.121151
1.650000 78.427207 62.117921 56.177911
1.660000 78.388032 62.168716 56.237635
1.670000 78.344819 62.219778 56.298145
1.680000 78.299424 62.270209 56.351151
1.690000 78.219623 62.316781 56.406883
1.700000 78.086415 62.366976 56.462003
1.710000 78.043183 62.416052 56.515403
1.720000 78.014235 62.459350 56.566755
1.730000 77.980037 62.507473 56.618833
1.740000 77.927664 62.552735 56.670398
1.750000 77.883605 62.599305 56.722481
1.760000 77.842591 62.640786 56.771910
1.770000 77.777900 62.681881 56.821579
1.780000 77.735041 62.724556 56.870805
1.790000 77.678463 62.767599 56.917737
1.800000 77.552940 62.810248 56.965371
1.810000 77.351221 62.849928 57.012787
1.820000 77.277792 62.889621 57.058088
1.830000 77.233651 62.926288 57.105230
1.840000 77.194933 62.962231 57.148188
1.850000 77.161346 62.996727 57.192552
1.860000 77.128322 63.031770 57.236394
1.870000 77.089988 63.067272 57.279932
1.880000 77.045396 63.103021 57.320127
1.890000 77.002163 63.139216 57.360810
1.900000 76.958434 63.171498 57.401008
1.910000 76.840122 63.204458 57.444142
1.920000 76.797227 63.235314 57.483612
1.930000 76.763824 63.266189 57.521340
1.940000 76.690484 63.301501 57.561872
1.950000 76.647744 63.335035 57.599609
1.960000 76.612352 63.367670 57.637264
1.970000 76.572943 63.397813 57.674715
1.980000 76.519894 63.428510 57.710723
1.990000 76.477374 63.455883 57.747578
2.000000 76.442966 63.482715 57.783444
2.010000 76.406830 63.511715 57.819969
2.020000 76.361228 63.536280 57.855478
2.030000 76.325948 63.563756 57.888879
2.040000 76.212922 63.587622 57.921575
2.050000 76.176103 63.612622 57.955533
2.060000 76.142453 63.635718 57.988018
2.070000 76.058902 63.658619 58.018751
2.080000 76.021447 63.683001 58.050423
2.090000 75.862040 63.705046 58.080399
2.100000 75.824899 63.729609 58.110995
2.110000 75.792569 63.753316 58.140099
2.120000 75.754367 63.775940 58.172661
2.130000 75.716145 63.798580 58.200026
2.140000 75.682724 63.820700 58.228881
2.150000 75.647754 63.840765 58.257334
2.160000 75.616379 63.857813 58.285555
2.170000 75.492982 63.876690 58.314014
2.180000 75.446925 63.897187 58.342260
2.190000 75.411282 63.914267 58.367368
2.200000 75.338844 63.932547 58.394535
2.210000 75.306995 63.951533 58.419656
2.220000 75.279615 63.967637 58.446909
2.230000 75.242084 63.987314 58.472108
2.240000 75.211305 64.005834 58.498036
2.250000 75.176469 64.023028 58.523259
2.260000 75.141207 64.040207 58.547102
2.270000 75.106760 64.053119 58.570934
2.280000 75.072397 64.067832 58.594271
2.290000 75.038488 64.082130 58.616505
2.300000 75.004066 64.096927 58.638622
2.310000 74.970383 64.111142 58.660198
2.320000 74.930913 64.125981 58.681534
2.330000 74.788872 64.139455 58.703449
2.340000 74.750595 64.151939 58.726519
2.350000 74.691732 64.163379 58.744877
2.360000 74.658268 64.176429 58.765342
2.370000 74.625144 64.189511 58.787278
2.380000 74.596590 64.200077 58.807362
2.390000 74.565538 64.210319 58.826960
2.400000 74.528865 64.222875 58.847946
2.410000 74.493492 64.236529 58.866412
2.420000 74.459509 64.246394 58.883763
2.430000 74.435345 64.257035 58.901721
2.440000 74.401687 64.267243 58.918945
2.450000 74.368939 64.277509 58.938000
2.460000 74.336877 64.287132 58.957859
2.470000 74.205916 64.297277 58.972927
2.480000 74.139174 64.305722 58.989113
2.490000 74.039672 64.315238 59.004575
2.500000 74.004302 64.324760 59.022006
2.510000 73.968422 64.332136 59.038445
2.520000 73.918689 64.337939 59.054594
2.530000 73.887809 64.343754 59.070940
2.540000 73.843685 64.348652 59.087106
2.550000 73.813984 64.356399 59.101448
2.560000 73.780924 64.363560 59.115763
2.570000 73.753724 64.368844 59.131298
2.580000 73.724707 64.376017 59.145198
2.590000 73.696281 64.381123 59.158683
2.600000 73.670599 64.386128 59.171456
2.610000 73.644215 64.390235 59.183894
2.620000 73.610148 64.395425 59.195334
2.630000 73.537964 64.399428 59.207877
2.640000 73.509801 64.404795 59.223188
2.650000 73.481778 64.408036 59.236340
2.660000 73.448538 64.412060 59.248787
2.670000 73.419375 64.416347 59.261809
2.680000 73.390423 64.419440 59.273967
2.690000 73.302483 64.423350 59.284283
2.700000 73.253399 64.425991 59.296579
2.710000 73.228796 64.430874 59.308502
2.720000 73.197675 64.434617 59.318738
2.730000 73.165228 64.438407 59.330444
2.740000 73.141510 64.442634 59.340009
2.750000 73.110160 64.444663 59.348665
2.760000 73.084064 64.447826 59.358903
2.770000 73.055793 64.449519 59.368632
2.780000 73.015369 64.451413 59.378362
2.790000 72.979162 64.453270 59.387874
2.800000 72.912954 64.452970 59.397536
2.810000 72.883850 64.454517 59.406429
2.820000 72.855149 64.455877 59.414016
2.830000 72.831461 64.455091 59.421351
2.840000 72.805168 64.454155 59.430450
2.850000 72.778179 64.457152 59.438854
2.860000 72.750576 64.457030 59.446387
2.870000 72.720055 64.459406 59.454726
2.880000 72.668263 64.460060 59.462823
2.890000 72.637978 64.458813 59.469999
2.900000 72.557806 64.457533 59.477534
2.910000 72.528132 64.457385 59.483977
2.920000 72.499071 64.454636 59.491488
2.930000 72.467999 64.453313 59.498766
2.940000 72.443304 64.453000 59.504519
2.950000 72.414197 64.452679 59.512200
2.960000 72.387983 64.451481 59.519135
2.970000 72.326227 64.450127 59.525197
2.980000 72.299790 64.449003 59.531214
2.990000 72.273218 64.448959 59.537244
3.000000 72.246289 64.445785 59.542752
3.010000 72.199879 64.444139 59.548786
3.020000 72.099048 64.442110 59.553935
3.030000 72.072568 64.440281 59.560062
3.040000 72.045601 64.438164 59.565658
3.050000 72.023848 64.434619 59.571226
3.060000 71.971079 64.433704 59.575277
3.070000 71.943228 64.429306 59.580070
3.080000 71.920003 64.427168 59.583951
3.090000 71.886353 64.422622 59.587374
3.100000 71.861898 64.417554 59.591829
3.110000 71.838075 64.414047 59.596802
3.120000 71.811970 64.411860 59.602236
3.130000 71.782971 64.409984 59.607210
3.140000 71.754924 64.406301 59.611978
3.150000 71.680687 64.403228 59.614393
3.160000 71.618188 64.398904 59.618183
3.170000 71.590293 64.394921 59.621321
3.180000 71.564517 64.390642 59.624251
3.190000 71.540848 64.387212 59.628319
3.200000 71.519154 64.381104 59.631254
3.210000 71.491645 64.376419 59.634213
3.220000 71.471370 64.372217 59.636100
3.230000 71.432979 64.366784 59.638233
3.240000 71.407637 64.362907 59.641706
3.250000 71.357846 64.358474 59.644703
3.260000 71.333795 64.353073 59.645029
3.270000 71.309442 64.347458 59.645882
3.280000 71.284756 64.343083 59.648564
3.290000 71.262717 64.337029 59.649851
3.300000 71.236771 64.330892 59.651126
3.310000 71.215166 64.324143 59.651607
3.320000 71.189497 64.318809 59.653650
3.330000 71.165055 64.313133 59.654484
3.340000 71.140936 64.308757 59.656044
3.350000 71.116800 64.302514 59.658985
3.360000 71.093531 64.297924 59.658741
3.370000 71.034426 64.292488 59.660364
3.380000 71.010146 64.287965 59.660498
3.390000 70.976697 64.282112 59.661953
3.400000 70.947999 64.277067 59.664709
3.410000 70.923891 64.270816 59.666042
3.420000 70.897167 64.264471 59.666243
3.430000 70.873679 64.258719 59.666515
3.440000 70.848022 64.251629 59.667234
3.450000 70.779771 64.245064 59.666493
3.460000 70.723047 64.238942 59.666527
3.470000 70.698491 64.232438 59.667190
3.480000 70.675684 64.224542 59.668118
3.490000 70.652177 64.216071 59.667932
3.500000 70.626344 64.208806 59.668929
3.510000 70.606867 64.201998 59.668698
3.520000 70.583846 64.193726 59.667761
3.530000 70.561626 64.187492 59.668268
3.540000 70.539952 64.180343 59.669142
3.550000 70.514512 64.174388 59.667657
3.560000 70.492581 64.167429 59.666996
3.570000 70.467137 64.158764 59.666616
3.580000 70.444882 64.150245 59.665493
3.590000 70.420944 64.142993 59.665254
3.600000 70.368401 64.135828 59.663774
3.610000 70.343923 64.127677 59.661666
3.620000 70.321592 64.118954 59.659985
3.630000 70.298530 64.110965 59.658894
3.640000 70.273694 64.102852 59.656029
3.650000 70.245219 64.093230 59.654928
3.660000 70.222333 64.085351 59.654005
3.670000 70.170349 64.076649 59.652755
3.680000 70.142813 64.066335 59.650887
3.690000 70.106748 64.058002 59.650339
3.700000 70.083997 64.049744 59.647130
3.710000 70.063546 64.042054 59.644179
3.720000 70.042118 64.032552 59.643547
3.730000 70.019840 64.025586 59.642728
3.740000 69.996283 64.017745 59.641071
3.750000 69.972932 64.008584 59.637919
3.760000 69.952353 64.000104 59.636091
3.770000 69.930405 63.992311 59.634156
3.780000 69.905741 63.985845 59.632686
3.790000 69.846670 63.976804 59.631941
3.800000 69.820778 63.968104 59.629009
3.810000 69.800182 63.959498 59.627533
3.820000 69.775341 63.951320 59.624359
3.830000 69.754418 63.941195 59.621072
3.840000 69.729310 63.929484 59.618001
3.850000 69.677511 63.920107 59.615186
3.860000 69.653714 63.911225 59.612232
3.870000 69.632810 63.901437 59.610187
3.880000 69.565651 63.891199 59.605836
3.890000 69.542762 63.882389 59.604202
3.900000 69.500979 63.873941 59.600980
3.910000 69.478460 63.866190 59.598751
3.920000 69.453689 63.856226 59.594122
3.930000 69.417161 63.848452 59.591009
3.940000 69.394837 63.838147 59.588111
3.950000 69.362216 63.827947 59.584885
3.960000 69.341407 63.816641 59.581997
3.970000 69.325133 63.806702 59.578377
3.980000 69.303219 63.798890 59.574693
3.990000 69.279809 63.788637 59.570924
4.000000 69.254127 63.778335 59.568733
4.010000 69.235782 63.768679 59.565305
4.020000 69.212144 63.758417 59.560646
4.030000 69.193403 63.749142 59.555661
4.040000 69.171148 63.740037 59.552652
4.050000 69.148761 63.729988 59.549046
4.060000 69.131294 63.720724 59.546345
4.070000 69.111962 63.711948 59.543355
4.080000 69.093655 63.703544 59.539062
4.090000 69.075369 63.693220 59.534664
5000 75.839165 69.467796 64.187023
