0.110000 5.301925 0.064336
0.120000 5.510366 0.066961
0.130000 5.202098 0.062831
0.140000 5.703120 0.127149
0.150000 6.400653 0.070059
0.160000 5.739757 0.065375
0.170000 5.377686 0.069552
0.180000 6.202626 0.070774
0.190000 6.359554 0.063785
0.200000 4.770664 0.061529
0.210000 4.640809 0.057325
0.220000 4.631691 0.058611
0.230000 4.891759 0.060739
0.240000 5.715779 0.100100
0.250000 5.773723 0.086855
0.260000 5.944946 0.074151
0.270000 5.965812 0.072263
0.280000 5.914506 0.062950
0.290000 5.927462 0.063115
0.300000 5.591415 0.062763
0.310000 5.909033 0.094556
0.320000 7.508481 0.078189
0.330000 7.851641 0.097792
0.340000 7.451103 0.080486
0.350000 5.291372 0.057337
0.360000 4.996210 0.064991
0.370000 6.279495 0.110904
0.380000 6.144983 0.063912
0.390000 7.281688 0.076842
0.400000 6.934535 0.081805
0.410000 7.234107 0.080855
0.420000 6.011484 0.063670
0.430000 6.932447 0.073848
0.440000 6.186784 0.071377
0.450000 4.998686 0.059074
0.460000 6.323415 0.058014
0.470000 5.379323 0.076630
0.480000 6.923036 0.105809
0.490000 7.112454 0.118336
0.500000 7.988062 0.483646
0.510000 7.893068 0.278529
0.520000 5.546734 0.263298
0.530000 5.986541 0.325500
0.540000 5.455693 0.247280
0.550000 4.956706 0.265948
0.560000 4.474707 0.251575
0.570000 5.074295 0.296602
0.580000 4.364166 0.246848
0.590000 5.384272 0.261636
0.600000 5.818412 0.325904
0.610000 8.070646 0.275760
0.620000 6.344799 0.348131
0.630000 8.286260 0.349259
0.640000 7.016174 0.335604
0.650000 5.871292 0.324018
0.660000 7.100068 0.287756
0.670000 4.937076 0.265172
0.680000 5.128883 0.273545
0.690000 5.218494 0.244265
0.700000 5.516081 0.284375
0.710000 6.020927 0.407530
0.720000 5.057046 0.253127
0.730000 4.640314 0.260934
0.740000 4.674502 0.441648
0.750000 5.969217 0.291601
0.760000 5.914127 0.265302
0.770000 5.201452 0.259317
0.780000 4.616083 0.272861
0.790000 4.611765 0.241190
0.800000 4.411226 0.291967
0.810000 4.441032 0.251097
0.820000 4.323887 0.245667
0.830000 5.175646 0.381336
0.840000 6.942280 0.358539
0.850000 5.797707 0.251706
0.860000 4.729645 0.272038
0.870000 4.948044 0.414326
0.880000 5.613118 0.246372
0.890000 4.448549 0.246792
0.900000 5.076002 0.279766
0.910000 5.143901 0.275026
0.920000 7.293950 0.286662
0.930000 6.362992 0.350328
0.940000 5.717403 0.318382
0.950000 5.356224 0.283908
0.960000 5.312442 0.254525
0.970000 5.176342 0.369991
0.980000 6.488391 0.244622
0.990000 4.409961 0.261570
1.000000 4.223699 0.634604
1.010000 4.342348 0.665569
1.020000 4.843246 0.648925
1.030000 5.059247 0.660625
1.040000 4.605109 0.667203
1.050000 5.051148 0.679302
1.060000 4.893129 0.643103
1.070000 4.471605 0.634751
1.080000 4.405670 0.628250
1.090000 4.192299 0.676082
1.100000 4.271760 0.646978
1.110000 4.271365 0.631364
1.120000 4.485308 0.633559
1.130000 4.488596 0.685818
1.140000 5.969574 0.695774
1.150000 4.450623 0.755013
1.160000 4.448087 0.659155
1.170000 4.353182 0.659789
1.180000 4.358102 0.663451
1.190000 5.284083 0.668540
1.200000 4.999875 0.673186
1.210000 4.984815 0.649723
1.220000 4.476028 0.666471
1.230000 5.056063 0.674693
1.240000 4.603811 0.637000
1.250000 5.211785 0.646847
1.260000 4.892053 0.669963
1.270000 4.507426 0.657461
1.280000 4.884191 0.643871
1.290000 4.321677 0.621439
1.300000 4.464182 0.642073
1.310000 4.885050 0.737135
1.320000 5.486966 0.717972
1.330000 5.475674 0.643423
1.340000 4.234784 0.641626
1.350000 4.323036 0.637687
1.360000 4.901700 0.630798
1.370000 4.402362 0.657549
1.380000 4.764630 0.621234
1.390000 4.481787 0.696202
1.400000 4.965876 0.620941
1.410000 4.400713 0.713750
1.420000 4.415866 0.611371
1.430000 4.936111 0.648038
1.440000 4.257512 0.683846
1.450000 4.163924 0.637322
1.460000 4.470903 0.716606
1.470000 4.671769 0.663830
1.480000 4.726472 0.647197
1.490000 4.188316 0.623965
1.500000 4.211760 1.193309
1.510000 4.220320 1.154085
1.520000 4.400339 1.160407
1.530000 4.288630 1.147916
1.540000 4.418220 1.258600
1.550000 4.728365 1.253958
1.560000 4.629018 1.179109
1.570000 4.515862 1.200357
1.580000 4.464399 1.395769
1.590000 4.697131 1.185813
1.600000 4.400172 1.257551
1.610000 4.514343 1.187257
1.620000 5.002687 1.325077
1.630000 4.645039 1.205065
1.640000 4.577399 1.163946
1.650000 4.584018 1.186627
1.660000 4.835060 1.272871
1.670000 4.572562 1.242266
1.680000 4.509496 1.165601
1.690000 4.780779 1.175792
1.700000 4.462916 1.184106
1.710000 4.459228 1.166898
1.720000 4.610218 1.211819
1.730000 4.517959 1.241886
1.740000 4.268956 1.451901
1.750000 4.912804 1.233149
1.760000 4.435725 1.218189
1.770000 5.069411 1.350376
1.780000 5.209922 1.374250
1.790000 4.918752 1.173958
1.800000 4.482244 1.204035
1.810000 4.560149 1.182140
1.820000 4.451497 1.173865
1.830000 4.442032 1.199724
1.840000 4.511915 1.255380
1.850000 4.431877 1.312983
1.860000 4.885566 1.247190
1.870000 4.626653 1.202045
1.880000 4.722646 1.284391
1.890000 4.673624 1.596310
1.900000 5.178810 1.290536
1.910000 4.453737 1.189859
1.920000 4.413799 1.325942
1.930000 4.829373 1.245665
1.940000 4.332155 1.239314
1.950000 4.435651 1.310050
1.960000 4.556449 1.183840
1.970000 4.516677 1.181040
1.980000 5.924505 1.399147
1.990000 4.400285 1.305998
2.000000 4.298014 2.105815
2.010000 4.368601 2.115940
2.020000 4.289692 2.113242
2.030000 4.328051 2.129949
2.040000 4.219504 2.118862
2.050000 4.220805 2.068267
2.060000 4.246870 2.132964
2.070000 4.151582 2.099507
2.080000 4.203189 2.163565
2.090000 4.307983 2.099232
2.100000 4.196097 2.089726
2.110000 4.159368 2.126317
2.120000 4.251437 2.070735
2.130000 4.212490 2.095032
2.140000 4.217369 2.093177
2.150000 4.157239 2.082367
2.160000 4.125673 2.103095
2.170000 4.234876 2.073809
2.180000 4.164836 2.111001
2.190000 4.186375 2.071281
2.200000 4.180850 2.098997
2.210000 4.118505 2.073476
2.220000 4.231035 2.102029
2.230000 4.100238 2.094048
2.240000 4.130359 2.068285
2.250000 4.150673 2.200770
2.260000 4.585180 2.160101
2.270000 4.409055 2.193752
2.280000 4.419504 2.198266
2.290000 4.487215 2.135943
2.300000 4.150984 2.101959
2.310000 4.145161 2.078366
2.320000 4.158790 2.091936
2.330000 4.125768 2.106621
2.340000 4.138287 2.075543
2.350000 4.129790 2.097074
2.360000 4.186381 2.070586
2.370000 4.186813 2.185122
2.380000 4.337103 2.147559
2.390000 4.468338 2.072138
2.400000 4.348386 2.101676
2.410000 4.166785 2.115122
2.420000 4.251960 2.094591
2.430000 4.170175 2.059839
2.440000 4.123619 2.100208
2.450000 4.135552 2.111385
2.460000 4.155080 2.173256
2.470000 4.559580 2.260544
2.480000 4.241227 2.102284
2.490000 4.143110 2.089237
2.500000 4.114902 2.080759
2.510000 4.148602 3.131670
2.520000 4.136359 3.119498
2.530000 4.300587 3.188893
2.540000 4.577988 3.279948
2.550000 4.173999 3.142014
2.560000 4.161734 3.134084
2.570000 4.157859 3.129165
2.580000 4.175547 3.115487
2.590000 4.145501 3.333571
2.600000 4.133541 3.130121
2.610000 4.134491 3.128835
2.620000 4.151680 3.160120
2.630000 4.160259 3.097968
2.640000 5.075177 3.505141
2.650000 4.888625 3.603982
2.660000 4.402428 3.355276
2.670000 4.663747 3.344818
2.680000 5.703719 3.563354
2.690000 5.168934 3.386415
2.700000 4.722431 3.301568
2.710000 5.325174 3.174989
2.720000 4.725138 3.317182
2.730000 4.702765 3.231324
2.740000 4.734909 3.154647
2.750000 4.449260 3.143158
2.760000 4.853049 3.143116
2.770000 4.176825 4.920223
2.780000 7.568039 3.957218
2.790000 5.666309 3.860858
2.800000 6.121663 3.369569
2.810000 4.186244 5.092682
2.820000 6.521029 3.935213
2.830000 6.281490 3.831223
2.840000 6.692795 3.816780
2.850000 5.048573 3.321217
2.860000 4.395779 3.252221
2.870000 4.936265 3.262214
2.880000 4.436794 3.687200
2.890000 6.409269 4.177444
2.900000 5.805782 4.115468
2.910000 8.754746 3.858078
2.920000 5.791095 4.087527
2.930000 5.165874 3.625592
2.940000 4.431316 3.250266
2.950000 5.385290 4.101169
2.960000 6.642508 4.551225
2.970000 5.509489 3.674685
2.980000 4.678052 3.426246
2.990000 5.082552 3.644421
3.000000 4.987555 3.738243
3.010000 4.699955 4.474714
3.020000 4.652701 4.337258
3.030000 4.355391 4.142785
3.040000 4.056638 4.262294
3.050000 4.007105 4.152434
3.060000 3.952036 4.251213
3.070000 4.222057 4.355566
3.080000 3.972098 4.173147
3.090000 3.925956 4.168953
3.100000 4.023554 4.173090
3.110000 4.047550 4.157321
3.120000 4.005911 4.173224
3.130000 4.114567 4.179569
3.140000 3.954796 4.157523
3.150000 3.986139 4.138985
3.160000 3.951126 4.151217
3.170000 3.930217 4.170669
3.180000 4.653154 4.761743
3.190000 4.617894 4.648189
3.200000 4.133715 4.114388
3.210000 4.513676 4.169442
3.220000 4.728721 4.124055
3.230000 4.125196 4.271342
3.240000 4.355489 4.123119
3.250000 4.079015 4.120769
3.260000 4.088421 4.095258
3.270000 4.423743 4.425728
3.280000 4.396269 4.391546
3.290000 4.149138 4.171365
3.300000 4.016922 4.255345
3.310000 4.493389 5.430673
3.320000 4.101126 4.305001
3.330000 4.748361 5.608995
3.340000 4.638940 4.314935
3.350000 4.749652 4.636998
3.360000 4.603914 4.545152
3.370000 4.116738 4.203360
3.380000 4.193187 4.704529
3.390000 5.750676 4.859851
3.400000 4.535933 4.765194
3.410000 4.499707 4.402893
3.420000 4.707196 4.447513
3.430000 5.081518 4.439563
3.440000 4.697284 4.789268
3.450000 4.659670 5.011025
3.460000 5.824454 5.297736
3.470000 5.302364 4.645479
3.480000 4.967308 5.066444
3.490000 5.783618 5.149695
3.500000 5.890817 4.722879
3.510000 5.355263 6.094688
3.520000 5.013380 5.864327
3.530000 5.391079 6.398872
3.540000 6.453722 6.051833
3.550000 5.131218 5.867923
3.560000 5.042955 5.876596
3.570000 4.958503 5.955762
3.580000 5.078161 5.859278
3.590000 5.063442 5.873167
3.600000 4.975167 5.910436
3.610000 5.268503 6.251556
3.620000 5.382651 6.993007
3.630000 5.138476 6.818146
3.640000 5.144818 7.461220
3.650000 6.329112 7.057417
3.660000 5.755067 7.613534
3.670000 6.130562 7.787285
3.680000 7.636135 7.397262
3.690000 8.800386 9.844649
3.700000 7.571382 7.135585
3.710000 6.749562 7.861356
3.720000 5.798341 7.196692
3.730000 7.051677 8.373832
3.740000 5.503271 7.025534
3.750000 5.192520 7.483497
3.760000 5.881947 7.973511
3.770000 6.266220 7.256288
3.780000 6.112445 7.525444
3.790000 5.151050 7.769390
3.800000 5.750046 6.817304
3.810000 6.623820 8.509973
3.820000 6.269165 7.184006
3.830000 5.217516 7.685419
3.840000 5.394780 6.751692
3.850000 5.194221 5.769686
3.860000 5.180232 6.097675
3.870000 5.102897 7.245038
3.880000 5.110443 6.813792
3.890000 5.802905 7.136931
3.900000 5.510797 7.045714
3.910000 5.389315 6.930614
3.920000 5.833393 7.534434
3.930000 5.112658 6.162112
3.940000 5.167076 6.332145
3.950000 5.645828 6.652809
3.960000 5.489840 6.478135
3.970000 5.138592 6.131307
3.980000 5.093124 6.290611
3.990000 6.192249 6.724203
4.000000 5.937975 6.357009
4.010000 5.163970 9.340630
4.020000 4.797104 8.448505
4.030000 4.856245 8.775163
4.040000 4.664006 8.453528
4.050000 5.390914 8.642680
4.060000 6.199546 9.426439
4.070000 4.968136 7.254886
4.080000 4.572048 7.469176
4.090000 4.545461 7.242194
4.100000 4.517423 7.314644
