5.000000 33.410585 33.527608 33.263684
5.500000 33.384521 33.589929 33.180621
6.000000 33.296551 33.437390 33.188434
6.500000 33.299037 33.341507 33.095786
7.000000 33.155601 33.336706 33.106159
7.500000 33.137173 33.220851 33.165575
8.000000 33.044956 33.301417 33.275113
8.500000 33.141679 33.357812 33.300281
9.000000 33.234289 33.389848 33.413528
9.500000 33.324817 33.394987 33.489165
10.000000 33.412059 33.428077 33.538713
10.500000 33.419897 33.478319 33.608588
11.000000 33.464441 33.529139 33.678286
11.500000 33.548627 33.581434 33.728367
12.000000 33.625837 33.623479 33.799377
12.500000 33.658842 33.674929 33.849102
13.000000 33.744490 33.751432 33.889672
13.500000 33.802381 33.815036 33.969932
14.000000 33.841167 33.870483 34.017834
14.500000 33.841402 33.913690 34.020584
15.000000 33.798357 33.948865 34.037228
15.500000 33.694018 33.917409 33.968600
16.000000 33.383694 33.729360 33.731896
16.500000 32.908230 33.235579 33.337737
17.000000 32.191965 32.659668 32.735025
17.500000 31.561383 32.009423 31.994490
18.000000 30.940469 31.318293 31.271581
18.500000 30.367031 30.639384 30.690504
19.000000 29.812080 30.101395 30.099508
19.500000 29.403434 29.555625 29.513478
